6 0.415564 0.174930 0.018963 0.033790
4 0.601646 0.064685 0.026023 0.030436
4 0.314543 0.302934 0.038904 0.042071
7 0.235454 0.306332 0.029998 0.033665
4 0.508544 0.025684 0.012320 0.022873
7 0.463204 0.333067 0.027872 0.037210
4 0.320917 0.146323 0.028079 0.029850
3 0.646122 0.798086 0.029612 0.101092
2 0.380019 0.041604 0.022667 0.026725
4 0.618502 0.331269 0.024958 0.070570
7 0.994934 0.074847 0.010131 0.021492
4 0.918819 0.352483 0.040946 0.070954
6 0.463225 0.113214 0.015108 0.028180
4 0.488850 0.116033 0.016141 0.031071
7 0.536568 0.012286 0.009224 0.017343
2 0.517196 0.171235 0.028073 0.037142
2 0.511480 0.005790 0.011340 0.011579
0 0.680013 0.052661 0.010458 0.023086
4 0.264284 0.151671 0.026534 0.036300
2 0.646614 0.037281 0.010400 0.027891
15 0.801797 0.090328 0.023905 0.021856
3 0.894921 0.244032 0.024116 0.040006
6 0.558494 0.052421 0.018704 0.022115
6 0.910867 0.101651 0.025055 0.023309
3 0.773762 0.081136 0.018766 0.021362
15 0.852948 0.103649 0.017003 0.029876
7 0.958201 0.096764 0.021426 0.017548
15 0.612248 0.159892 0.023301 0.028546
10 0.620566 0.631801 0.019414 0.060494
0 0.584402 0.354717 0.033753 0.044787
7 0.628293 0.508806 0.018407 0.053093
4 0.705629 0.200788 0.030116 0.033796
10 0.983693 0.234587 0.030537 0.021951
2 0.861741 0.421942 0.055682 0.062768
10 0.843473 0.120985 0.012871 0.017428
9 0.526718 0.012335 0.008712 0.016121
6 0.804715 0.204825 0.030280 0.032797
7 0.142278 0.322579 0.032887 0.034990
4 0.393507 0.210078 0.026574 0.052209
6 0.658157 0.030977 0.010327 0.022800
4 0.872255 0.471230 0.057284 0.060234
7 0.824805 0.103536 0.013228 0.021649
9 0.015045 0.411634 0.030089 0.049190
4 0.704416 0.169682 0.033618 0.037657
15 0.737150 0.197283 0.026376 0.027012
4 0.813208 0.035107 0.016298 0.028488
4 0.440739 0.217140 0.025230 0.054678
4 0.319711 0.429536 0.041666 0.081150
4 0.411418 0.356160 0.040317 0.049661
4 0.555008 0.062185 0.022864 0.024960
0 0.638804 0.120082 0.013335 0.029900
10 0.404491 0.004229 0.009754 0.008458
15 0.286769 0.352536 0.036695 0.038304
15 0.299948 0.385965 0.031193 0.052857
15 0.314096 0.119503 0.025435 0.027748
7 0.930558 0.394966 0.029798 0.047502
4 0.459198 0.178394 0.022403 0.046053
6 0.432277 0.034697 0.017852 0.019969
4 0.679923 0.009366 0.009933 0.018731
0 0.832709 0.057901 0.014812 0.023089
0 0.626210 0.065428 0.019311 0.021690
0 0.414096 0.241798 0.022446 0.040787
9 0.477206 0.065190 0.011245 0.020092
7 0.353602 0.288575 0.023064 0.039069
9 0.531898 0.405186 0.032056 0.036955
15 0.656903 0.050943 0.009363 0.021925
10 0.359488 0.139183 0.018734 0.015649
2 0.295698 0.330725 0.040666 0.049210
4 0.245045 0.289083 0.041730 0.043087
1 0.797826 0.078885 0.021417 0.019804
3 0.667428 0.084490 0.009817 0.024002
1 0.083146 0.681321 0.074925 0.087558