18 0.932939 0.806396 0.040941 0.035271
5 0.771067 0.193070 0.015435 0.029784
7 0.726872 0.057161 0.011439 0.019247
7 0.485866 0.229898 0.011279 0.036782
7 0.468210 0.402800 0.013393 0.039007
10 0.623836 0.278642 0.014643 0.017940
7 0.428759 0.728894 0.020164 0.060468
10 0.718933 0.801070 0.027957 0.033868
18 0.290896 0.410700 0.016680 0.035039
18 0.942958 0.282887 0.025689 0.020297
7 0.320025 0.259871 0.022581 0.024242
4 0.337180 0.282512 0.014187 0.028863
18 0.394545 0.042128 0.007218 0.015688
18 0.362993 0.175193 0.009840 0.021372
10 0.481343 0.345713 0.009458 0.026880
6 0.823712 0.295416 0.015889 0.026612
9 0.788215 0.299767 0.017505 0.030045
7 0.993107 0.355563 0.013787 0.044015
10 0.496965 0.315077 0.007270 0.022650
18 0.638369 0.436915 0.022589 0.023129
18 0.323630 0.242675 0.018334 0.017497
10 0.445954 0.759218 0.024221 0.034139
7 0.883044 0.279328 0.031730 0.027677
4 0.217981 0.694079 0.027589 0.054706
1 0.980909 0.494381 0.031822 0.025759
10 0.788865 0.243110 0.013192 0.021477
6 0.622004 0.045355 0.011203 0.013623
9 0.641825 0.198053 0.010774 0.023403
4 0.982434 0.352851 0.023616 0.030915
5 0.852072 0.427857 0.024882 0.045352
9 0.475962 0.259380 0.009159 0.026050
4 0.785674 0.767464 0.035686 0.037174
7 0.963964 0.684678 0.041862 0.070432
6 0.927970 0.459860 0.027419 0.026328
13 0.900323 0.213453 0.012809 0.016824
7 0.472936 0.313980 0.012249 0.035960
18 0.995104 0.460968 0.009792 0.026731
1 0.483804 0.285495 0.008751 0.026792
13 0.652427 0.146976 0.012590 0.010195