7 0.792188 0.270636 0.023438 0.028488
12 0.536133 0.165449 0.008203 0.018262
9 0.371094 0.245435 0.025000 0.024836
10 0.511133 0.250548 0.019141 0.021914
7 0.724414 0.098612 0.012109 0.017531
13 0.887891 0.047115 0.011719 0.006574
7 0.843555 0.293280 0.026953 0.032871
4 0.741406 0.288532 0.030469 0.029218
4 0.547266 0.075603 0.007812 0.015340
13 0.595117 0.510592 0.016797 0.040906
18 0.881055 0.133674 0.015234 0.014609
18 0.831641 0.063185 0.012500 0.015340
7 0.837500 0.083638 0.014063 0.016801
7 0.688477 0.074872 0.012891 0.021183
1 0.907227 0.133674 0.015234 0.016070
6 0.724609 0.132944 0.010937 0.017531
6 0.794531 0.088020 0.015625 0.015340
1 0.580273 0.169467 0.008984 0.017531
18 0.503906 0.498539 0.040625 0.038714
7 0.980664 0.214025 0.027734 0.026297
7 0.812109 0.046749 0.014844 0.017531
10 0.207227 0.496348 0.029297 0.043097
18 0.721680 0.146092 0.020703 0.020453
13 0.265430 0.383492 0.019922 0.027757
13 0.275586 0.495252 0.035547 0.024836
7 0.673047 0.084003 0.021094 0.020453
1 0.755273 0.182250 0.013672 0.018262
7 0.793359 0.046749 0.013281 0.017531
7 0.584570 0.137327 0.022266 0.020453
6 0.725586 0.158875 0.017578 0.018262
5 0.683203 0.038714 0.015625 0.017531
9 0.627344 0.081081 0.015625 0.016070