7 0.794613 0.340766 0.013069 0.013001
1 0.832447 0.468643 0.015765 0.026165
6 0.604312 0.556186 0.017244 0.040385
15 0.429432 0.456085 0.016015 0.026135
4 0.462449 0.404981 0.017759 0.033476
1 0.932513 0.363718 0.014512 0.017537
0 0.996692 0.439157 0.006615 0.026334
9 0.944945 0.668186 0.037293 0.033255
7 0.585561 0.669756 0.016334 0.040603
15 0.630058 0.348132 0.008302 0.019300
10 0.654788 0.472015 0.018731 0.016535
3 0.705152 0.384837 0.015308 0.018228
10 0.711739 0.473492 0.016981 0.014308
10 0.725291 0.642669 0.028200 0.027581
4 0.661460 0.380000 0.017554 0.019385
1 0.611200 0.440167 0.010917 0.023284
10 0.665335 0.328883 0.010882 0.008033
0 0.963774 0.502914 0.031826 0.028650
6 0.935743 0.784797 0.039648 0.070357
4 0.758958 0.360635 0.011485 0.019884
4 0.624056 0.440219 0.013130 0.027848
0 0.728127 0.670105 0.037116 0.046192
4 0.475021 0.436422 0.023900 0.025121
1 0.932193 0.953856 0.047079 0.092288
7 0.620554 0.349733 0.006782 0.012969
3 0.718684 0.330423 0.012955 0.014613
6 0.772551 0.484763 0.023961 0.026267
9 0.895083 0.406737 0.019695 0.015112
1 0.853746 0.345994 0.016251 0.013092
0 0.627087 0.363161 0.009335 0.018490
0 0.892095 0.399871 0.022357 0.020036
2 0.486462 0.388599 0.012737 0.025922
15 0.512648 0.352195 0.009693 0.016428
1 0.525677 0.733868 0.023790 0.058318
0 0.839286 0.573496 0.023290 0.041204
3 0.964000 0.396327 0.016105 0.020786
10 0.749233 0.388075 0.015601 0.011863
3 0.602667 0.480462 0.011841 0.027423
4 0.803749 0.426331 0.017424 0.029343
10 0.700633 0.331845 0.011396 0.008292
15 0.780733 0.436623 0.013270 0.024730
1 0.526805 0.438775 0.018893 0.019439
4 0.625125 0.329134 0.009555 0.018251
10 0.432641 0.474780 0.013496 0.019811
0 0.816863 0.429103 0.015215 0.024840
7 0.826967 0.598071 0.018058 0.033736
1 0.794176 0.438616 0.013224 0.023250
10 0.536093 0.374359 0.012941 0.010273
4 0.939872 0.369843 0.018663 0.022463
1 0.469539 0.399616 0.012219 0.019798
0 0.628590 0.355853 0.009244 0.018206
4 0.516535 0.369017 0.018165 0.018381
15 0.611161 0.516813 0.014354 0.034151
4 0.548710 0.315842 0.015253 0.014832
1 0.242134 0.756954 0.039039 0.062150
10 0.754646 0.350380 0.007092 0.009780
3 0.428812 0.929182 0.043918 0.068981
15 0.613523 0.323755 0.014200 0.015454
1 0.726919 0.654791 0.034348 0.039724
1 0.429226 0.923258 0.059047 0.090484