3 0.045749 0.789810 0.091497 0.182629
3 0.079697 0.574047 0.115541 0.152724
3 0.289852 0.183932 0.063197 0.100871
3 0.275524 0.161766 0.062535 0.098011
3 0.343676 0.063765 0.054102 0.091872
3 0.384340 0.003788 0.041820 0.007577
3 0.182043 0.464063 0.095088 0.137816
3 0.058498 0.906666 0.116995 0.186668
3 0.222435 0.475427 0.092055 0.139346
3 0.321144 0.226522 0.064022 0.106393
3 0.356445 0.206380 0.059885 0.103778
3 0.396169 0.069356 0.047753 0.086185
3 0.419032 0.087508 0.047480 0.088495
3 0.446098 0.074834 0.044934 0.086882
3 0.282303 0.892477 0.121080 0.215047
3 0.302695 0.648679 0.097077 0.162970
3 0.388294 0.462819 0.082667 0.153239
3 0.432587 0.277211 0.058639 0.113010
3 0.471564 0.037415 0.040858 0.074831
3 0.494234 0.032786 0.039430 0.065571
3 0.423816 0.468874 0.081677 0.154224
3 0.441543 0.380098 0.064355 0.126588
3 0.470322 0.246988 0.064031 0.119178
3 0.475574 0.222297 0.062276 0.115412
3 0.490864 0.147564 0.046855 0.096183
3 0.496485 0.032815 0.039370 0.065630
3 0.442946 0.514334 0.072622 0.144602
3 0.446732 0.472340 0.069622 0.138930
3 0.519188 0.098658 0.043029 0.089918
3 0.547110 0.084112 0.042224 0.088063
3 0.565638 0.087877 0.042518 0.088542
3 0.600474 0.005615 0.036057 0.011230
3 0.647376 0.550547 0.094500 0.167669
3 0.618296 0.340576 0.057435 0.121349
3 0.649477 0.245041 0.070511 0.118880
3 0.625139 0.164896 0.047247 0.098414
3 0.631338 0.022479 0.038013 0.044957
3 0.631663 0.018061 0.037531 0.036123
3 0.686037 0.495328 0.070469 0.142031
3 0.676258 0.129918 0.047066 0.093917
3 0.652896 0.073225 0.042636 0.086677
3 0.674343 0.056451 0.042461 0.084546
3 0.673242 0.026767 0.039813 0.053535
3 0.689586 0.084100 0.045150 0.088061
3 0.685819 0.009772 0.038596 0.019544
3 0.717065 0.104406 0.048539 0.090651
3 0.701137 0.016628 0.040404 0.033255
3 0.806130 0.621148 0.093602 0.159178
3 0.894166 0.967047 0.140158 0.065906
3 0.796038 0.287737 0.068017 0.114390
3 0.813937 0.266237 0.068142 0.111573
3 0.953560 0.952524 0.092881 0.094952
3 0.952296 0.723202 0.095408 0.173304
3 0.880841 0.348980 0.081206 0.122460
3 0.869117 0.300838 0.086910 0.127484
3 0.862875 0.273127 0.084039 0.123194
3 0.822427 0.091478 0.055748 0.089001
3 0.799820 0.016758 0.056104 0.033516
3 0.954047 0.528244 0.091907 0.146488
3 0.829865 0.032951 0.051289 0.065902
3 0.970407 0.606969 0.059186 0.157231
3 0.837140 0.023413 0.050412 0.046826
3 0.957126 0.312225 0.085747 0.117608
3 0.948741 0.283931 0.082437 0.113891
3 0.891673 0.123543 0.063685 0.093100
3 0.858466 0.024477 0.052014 0.048954
3 0.927259 0.127443 0.066857 0.093600
3 0.877802 0.025442 0.053474 0.050884
3 0.994205 0.349174 0.011591 0.122486
3 0.984900 0.292575 0.030200 0.115025
3 0.905110 0.026804 0.055548 0.053609
3 0.979469 0.089736 0.041062 0.088779
3 0.954804 0.024422 0.063196 0.048843
1 0.438760 0.499832 0.021455 0.042422
1 0.852609 0.257198 0.028359 0.044042
1 0.475898 0.036661 0.012126 0.024408
1 0.260451 0.848975 0.041368 0.067145
1 0.769744 0.005864 0.015307 0.011728
1 0.421884 0.445486 0.023902 0.045977
1 0.358360 0.059981 0.014997 0.025757
1 0.456634 0.283932 0.021872 0.043634
1 0.837022 0.185459 0.024159 0.038092
1 0.671735 0.209851 0.016138 0.032763
1 0.352551 0.012310 0.018084 0.024621
1 0.309966 0.662256 0.036248 0.061441
1 0.589563 0.526161 0.025049 0.053827
1 0.867958 0.259184 0.021918 0.033371
1 0.201100 0.372018 0.028703 0.042139
1 0.657741 0.484779 0.023338 0.049148
1 0.835644 0.008143 0.014723 0.016286
1 0.420938 0.083972 0.014795 0.027640
1 0.628417 0.228188 0.020254 0.042382
1 0.931248 0.530368 0.030791 0.044251
1 0.994727 0.871174 0.010546 0.057594
1 0.506588 0.985391 0.036352 0.029217
1 0.636738 0.617718 0.022762 0.049026
1 0.404420 0.442580 0.025528 0.047944
1 0.215336 0.340072 0.031865 0.047376
1 0.712398 0.089897 0.014731 0.027686
1 0.643271 0.206274 0.014443 0.030129
1 0.505921 0.055434 0.012719 0.026564
1 0.428257 0.340056 0.018320 0.035264
1 0.266619 0.449132 0.025159 0.039908
1 0.423639 0.075586 0.015359 0.028781
1 0.644597 0.122813 0.013193 0.027339
1 0.483425 0.010491 0.012577 0.020983
1 0.623826 0.369491 0.019727 0.041750
1 0.435159 0.310055 0.021605 0.041893
1 0.813730 0.026545 0.018184 0.029231
1 0.441727 0.281810 0.019458 0.037997
1 0.361629 0.052141 0.019235 0.033152
1 0.338147 0.728266 0.033509 0.059058
1 0.486920 0.037811 0.014857 0.030405
1 0.911041 0.526997 0.032857 0.048372
1 0.351466 0.076227 0.018550 0.031625
1 0.324676 0.206715 0.018059 0.030092
1 0.821662 0.014612 0.019791 0.029225
1 0.198754 0.437518 0.030770 0.045289
1 0.115336 0.520289 0.036639 0.049894
1 0.320068 0.218458 0.021594 0.035816
1 0.371133 0.238112 0.020047 0.035483
1 0.295010 0.719070 0.032164 0.053793
1 0.827885 0.143635 0.017510 0.027860
1 0.764624 0.113172 0.019976 0.034692
1 0.640101 0.406126 0.022177 0.046992
1 0.520764 0.069265 0.014187 0.029630
1 0.688991 0.113873 0.015755 0.030831
1 0.213976 0.307820 0.028668 0.042456
1 0.470724 0.103065 0.015430 0.030982
1 0.486863 0.143637 0.016100 0.033220
1 0.041528 0.728263 0.046725 0.060330
2 0.287163 0.289994 0.129182 0.207243
2 0.346355 0.147091 0.109540 0.186586
2 0.360034 0.109453 0.095488 0.164979
2 0.403364 0.037493 0.081286 0.074986
2 0.148171 0.756657 0.228458 0.327043
2 0.167643 0.699931 0.227832 0.331204
2 0.187775 0.639200 0.237564 0.350973
2 0.296256 0.353850 0.151402 0.246680
2 0.303981 0.322444 0.148401 0.243409
2 0.315874 0.295285 0.128213 0.212847
2 0.361720 0.173131 0.103836 0.180680
2 0.369048 0.149893 0.116560 0.204352
2 0.378328 0.132192 0.098085 0.173787
2 0.418043 0.045891 0.080612 0.091783
2 0.422248 0.044200 0.092814 0.088399
2 0.426981 0.033043 0.080789 0.066086
2 0.227066 0.648117 0.191111 0.294551
2 0.313784 0.392041 0.142058 0.236995
2 0.326203 0.361698 0.140610 0.237561
2 0.393540 0.154995 0.097846 0.177161
2 0.449078 0.031675 0.074785 0.063349
2 0.430973 0.754471 0.169352 0.333766
2 0.487109 0.420981 0.116837 0.237696
2 0.497593 0.353507 0.109957 0.224750
2 0.503610 0.320802 0.111840 0.228805
2 0.530237 0.171372 0.086701 0.180428
2 0.533315 0.148526 0.086057 0.179209
2 0.555627 0.039645 0.073945 0.079290
2 0.473334 0.764781 0.202584 0.405693
2 0.482595 0.704459 0.173260 0.351359
2 0.526564 0.391662 0.125909 0.261689
2 0.530163 0.357008 0.120166 0.250289
2 0.557606 0.173648 0.094033 0.197287
2 0.559488 0.154065 0.098510 0.206327
2 0.558685 0.132814 0.081943 0.171356
2 0.573006 0.061861 0.074805 0.123721
2 0.572549 0.055186 0.075495 0.110371
2 0.574086 0.048490 0.077417 0.096981
2 0.578027 0.037958 0.068692 0.075915
2 0.531478 0.710443 0.154829 0.327013
2 0.560809 0.431827 0.114830 0.245677
2 0.593822 0.057790 0.078815 0.115579
2 0.596960 0.046958 0.072015 0.093915
2 0.771345 0.698203 0.173594 0.312127
2 0.743502 0.423410 0.130183 0.239073
2 0.739352 0.354215 0.128471 0.236190
2 0.713088 0.070242 0.085623 0.140484
2 0.711088 0.061572 0.083453 0.123144
2 0.835696 0.818040 0.232510 0.363920
2 0.832702 0.770594 0.243838 0.404274
2 0.788830 0.465279 0.158580 0.273142
2 0.782227 0.430260 0.174915 0.303351
2 0.774015 0.390933 0.136441 0.238759
2 0.757027 0.221669 0.110249 0.195295
2 0.754005 0.196211 0.132472 0.235269
2 0.750322 0.175873 0.122100 0.217717
2 0.736229 0.063023 0.085232 0.126047
2 0.734548 0.054267 0.083373 0.108533
2 0.812285 0.396915 0.145192 0.240679
2 0.995547 0.850997 0.008905 0.298005
2 0.961411 0.504927 0.077178 0.262554
2 0.952768 0.425825 0.094465 0.242980
2 0.878959 0.072266 0.109591 0.144533
2 0.974959 0.510293 0.050082 0.277864
2 0.968383 0.470171 0.063234 0.285574
2 0.959960 0.433433 0.080079 0.295106
2 0.945173 0.245287 0.109653 0.207722
2 0.938385 0.221977 0.123231 0.225903
2 0.939363 0.197534 0.121275 0.191098
2 0.909395 0.082976 0.119849 0.165951
2 0.903063 0.071624 0.107734 0.143248
2 0.899160 0.070885 0.129212 0.141770
2 0.893845 0.056194 0.106347 0.112388
2 0.984134 0.436665 0.031731 0.248670
2 0.951716 0.181413 0.096568 0.185405
2 0.934491 0.084382 0.120823 0.167137
1 0.209850 0.895489 0.038481 0.059304