3 0.837659 0.811148 0.055790 0.093911
3 0.595198 0.773413 0.036682 0.088257
3 0.547840 0.770236 0.033922 0.087786
3 0.529837 0.769047 0.033475 0.087611
3 0.424929 0.782588 0.039412 0.089621
3 0.315987 0.775027 0.045786 0.088497
3 0.253871 0.770716 0.049360 0.087858
3 0.166439 0.744532 0.052845 0.084009
3 0.147184 0.743232 0.053896 0.083819
3 0.665105 0.766065 0.041018 0.087170
3 0.304772 0.718761 0.043013 0.080276
3 0.678802 0.728754 0.039837 0.081717
3 0.463334 0.716010 0.033767 0.079880
3 0.309025 0.706386 0.042010 0.078502
3 0.654327 0.700362 0.036740 0.077643
3 0.484347 0.677612 0.030764 0.074427
3 0.306310 0.666930 0.039734 0.072932
3 0.183455 0.657202 0.045572 0.071578
3 0.649378 0.670167 0.034816 0.073384
3 0.485863 0.661046 0.029921 0.072112
3 0.646799 0.654431 0.033824 0.071194
3 0.783612 0.638218 0.042644 0.077168
3 0.776001 0.651206 0.040990 0.070747
3 0.627118 0.629687 0.039199 0.075775
3 0.534701 0.637807 0.027572 0.068902
3 0.474626 0.621389 0.036667 0.074429
3 0.451337 0.619845 0.029684 0.066451
3 0.431604 0.618771 0.030602 0.066306
3 0.378950 0.629158 0.033771 0.067719
3 0.320765 0.612739 0.035693 0.065489
3 0.275834 0.623421 0.038567 0.066937
3 0.250405 0.608909 0.038869 0.064972
3 0.597416 0.626292 0.029627 0.067328
3 0.569081 0.611911 0.027414 0.065377
3 0.518515 0.622035 0.027012 0.066749
3 0.492644 0.608143 0.035808 0.072298
3 0.415526 0.616454 0.031271 0.065992
3 0.400072 0.615615 0.031984 0.065878
3 0.347443 0.600419 0.036785 0.071066
3 0.639515 0.609950 0.031061 0.065113
3 0.333226 0.593934 0.033970 0.062963
3 0.653709 0.597998 0.031168 0.063506
3 0.353307 0.577480 0.032073 0.060776
3 0.231027 0.573425 0.037401 0.060240
3 0.778140 0.586540 0.036889 0.061977
3 0.495530 0.572297 0.025429 0.060092
3 0.356603 0.567881 0.031371 0.059510
3 0.224268 0.561359 0.036884 0.058655
3 0.495075 0.560261 0.024884 0.058511
3 0.767865 0.561845 0.034776 0.058719
3 0.497310 0.552159 0.024438 0.057454
3 0.251565 0.537245 0.034076 0.055522
3 0.643757 0.546076 0.027889 0.056664
3 0.615792 0.545733 0.026549 0.056619
3 0.496804 0.541303 0.023950 0.056046
3 0.485358 0.526568 0.023639 0.054150
3 0.358715 0.524773 0.028807 0.053920
3 0.739861 0.525807 0.034211 0.059544
3 0.715103 0.524499 0.029978 0.053885
3 0.700723 0.523857 0.029288 0.053803
3 0.661865 0.522121 0.027432 0.053582
3 0.574357 0.518213 0.023298 0.053083
3 0.522512 0.515912 0.022172 0.052790
3 0.419375 0.520236 0.026054 0.053341
3 0.274694 0.513655 0.031578 0.052503
3 0.706436 0.523115 0.029503 0.053708
3 0.687577 0.522274 0.028602 0.053601
3 0.591468 0.517990 0.024054 0.053055
3 0.546894 0.516008 0.022211 0.052803
3 0.522815 0.506286 0.021735 0.051570
3 0.477398 0.504302 0.022913 0.051319
3 0.450757 0.511737 0.024342 0.052260
3 0.358802 0.507638 0.027823 0.051741
3 0.290441 0.504590 0.030370 0.051356
3 0.280030 0.495658 0.030215 0.050231
3 0.610129 0.504767 0.024226 0.051378
3 0.266689 0.489799 0.030356 0.049497
3 0.489599 0.490037 0.021770 0.049527
3 0.270910 0.482676 0.029733 0.048609
3 0.632717 0.488430 0.024358 0.049326
3 0.607700 0.487184 0.023242 0.049170
3 0.735803 0.484762 0.028473 0.048868
3 0.630862 0.478738 0.023775 0.048119
3 0.731792 0.475116 0.027716 0.047670
3 0.629386 0.471029 0.023314 0.047165
3 0.384704 0.454220 0.023840 0.045100
3 0.713761 0.458219 0.025973 0.045589
3 0.517085 0.450764 0.019326 0.044679
3 0.505094 0.450213 0.019522 0.044612
3 0.399449 0.446492 0.022897 0.044159
3 0.388236 0.444629 0.023188 0.043933
3 0.703877 0.454305 0.025354 0.045111
3 0.632000 0.445016 0.022064 0.043980
3 0.601605 0.443995 0.026908 0.047711
3 0.525203 0.440979 0.018772 0.043491
3 0.507304 0.440420 0.025552 0.047213
3 0.455406 0.444761 0.020852 0.043949
3 0.444975 0.437943 0.020874 0.043124
3 0.381059 0.441901 0.023287 0.043602
3 0.333993 0.440090 0.024810 0.043383
3 0.526475 0.440321 0.018724 0.043411
3 0.340939 0.433308 0.024172 0.042565
3 0.317573 0.432424 0.024911 0.042458
3 0.304767 0.425924 0.026025 0.045210
3 0.610744 0.427002 0.020348 0.041807
3 0.518779 0.423515 0.018076 0.041389
3 0.519244 0.416029 0.017732 0.040497
3 0.508126 0.416822 0.017923 0.040591
3 0.411196 0.411961 0.020657 0.040013
3 0.324493 0.408718 0.023252 0.039629
3 0.498871 0.410341 0.017837 0.039821
3 0.695768 0.412132 0.022596 0.040033
3 0.424689 0.400355 0.019622 0.038642
3 0.321288 0.397660 0.022687 0.038325
3 0.509784 0.398475 0.017062 0.038421
3 0.425809 0.396799 0.019403 0.038224
3 0.510232 0.393508 0.016831 0.037838
3 0.631112 0.389203 0.019124 0.037334
3 0.586868 0.387748 0.017588 0.037164
3 0.494490 0.389565 0.016972 0.037377
3 0.466900 0.383811 0.017504 0.036706
3 0.445775 0.387942 0.018341 0.037187
3 0.435910 0.387614 0.018622 0.037149
3 0.395860 0.381475 0.019498 0.036434
3 0.376709 0.380845 0.020031 0.036361
3 0.343305 0.384527 0.021235 0.036789
1 0.488972 0.440849 0.006047 0.013482
1 0.325215 0.649882 0.012399 0.023203
1 0.590437 0.520681 0.007598 0.016809
1 0.567919 0.390792 0.006653 0.014595
1 0.506137 0.482431 0.007905 0.018354
1 0.240872 0.538540 0.009872 0.015881
1 0.479489 0.693396 0.010675 0.025753
1 0.732882 0.500781 0.011232 0.019481
1 0.517020 0.416859 0.006991 0.015944
1 0.502440 0.398366 0.006817 0.015259
1 0.352103 0.432183 0.008367 0.014962
1 0.281673 0.497357 0.010524 0.017544
1 0.505383 0.422814 0.005702 0.012924
1 0.310227 0.721069 0.015575 0.029306
1 0.747442 0.799497 0.018673 0.035381
1 0.475637 0.642607 0.011335 0.026665
1 0.710727 0.430269 0.008159 0.014229
1 0.499780 0.422614 0.006269 0.014125
1 0.631032 0.446247 0.007362 0.014706
1 0.275772 0.490212 0.008691 0.014339
1 0.485701 0.732389 0.012846 0.031771
1 0.646900 0.523226 0.010498 0.021032
1 0.612905 0.396441 0.007248 0.014654
1 0.520406 0.522554 0.008404 0.020029
1 0.297381 0.621249 0.011358 0.020259
1 0.506824 0.474047 0.005973 0.013830
1 0.464983 0.443513 0.007547 0.016157
1 0.267926 0.612355 0.013214 0.022611
1 0.600049 0.623165 0.008640 0.019517
1 0.407666 0.412952 0.008072 0.015556
1 0.243011 0.753484 0.015378 0.026841
1 0.640663 0.546511 0.010047 0.020524
1 0.419301 0.438208 0.007655 0.015176
1 0.702315 0.520727 0.011126 0.020365
1 0.510982 0.423027 0.007132 0.016234
1 0.760595 0.552125 0.009759 0.016586
1 0.716498 0.521342 0.009038 0.016191
1 0.833269 0.754750 0.016030 0.026606
1 0.483211 0.573726 0.007717 0.017930
1 0.415726 0.389811 0.005575 0.010779
1 0.365390 0.555932 0.011456 0.021910
1 0.345956 0.380759 0.006270 0.010886
1 0.559701 0.447137 0.006644 0.015151
1 0.219721 0.609722 0.014045 0.022621
1 0.536895 0.389754 0.004962 0.011362
1 0.508288 0.783010 0.012181 0.031653
1 0.504610 0.600623 0.008536 0.020712
1 0.149582 0.710688 0.015201 0.023430
1 0.638401 0.685062 0.011364 0.024535
1 0.624153 0.535009 0.009675 0.020248
1 0.379821 0.534261 0.008547 0.016559
1 0.513426 0.393093 0.005103 0.011497
1 0.453259 0.443067 0.008103 0.017005
1 0.607126 0.426513 0.007581 0.015676
1 0.434415 0.607196 0.009688 0.020996
1 0.480441 0.506091 0.007992 0.018007
1 0.466944 0.433052 0.005785 0.012375
1 0.486984 0.539292 0.007594 0.017532
1 0.625324 0.593595 0.009222 0.019693
1 0.748657 0.540719 0.009829 0.016919
1 0.526724 0.386726 0.006305 0.014310
1 0.314594 0.422371 0.008845 0.014955
1 0.238505 0.764419 0.017195 0.029962
1 0.624692 0.496169 0.007017 0.014453
1 0.700718 0.621391 0.010504 0.020019
1 0.438051 0.513865 0.009370 0.019718
1 0.658779 0.513934 0.010642 0.020827
1 0.772079 0.632451 0.011558 0.019919
1 0.774918 0.640038 0.011684 0.020115
1 0.376200 0.523601 0.008365 0.016054
1 0.319860 0.721658 0.012084 0.023040
1 0.318311 0.430905 0.007744 0.013204
1 0.657176 0.686170 0.011057 0.023137
1 0.302972 0.442685 0.007989 0.013405
1 0.524311 0.438663 0.005512 0.012750
1 0.496507 0.600213 0.009955 0.023901
1 0.442427 0.439084 0.006989 0.014384
1 0.388710 0.486146 0.007404 0.014269
1 0.487319 0.712648 0.011948 0.029427
1 0.402267 0.412749 0.006216 0.011879
1 0.348890 0.439062 0.008256 0.014736
1 0.502300 0.529412 0.008719 0.020536
1 0.290086 0.465189 0.010437 0.017372
1 0.387532 0.453435 0.008559 0.016255
1 0.725853 0.483018 0.009300 0.016187
1 0.766190 0.789005 0.018228 0.033504
1 0.455712 0.384379 0.005792 0.011922
1 0.499599 0.562493 0.008195 0.019482
2 0.776943 0.752013 0.095046 0.169884
2 0.736466 0.749699 0.088540 0.167508
2 0.716170 0.750432 0.080724 0.157445
2 0.550972 0.739256 0.062202 0.155910
2 0.411370 0.728667 0.075091 0.163996
2 0.371662 0.726430 0.072017 0.148002
2 0.217044 0.716519 0.089284 0.149031
2 0.773616 0.733964 0.088393 0.157711
2 0.750417 0.732002 0.086203 0.158818
2 0.733353 0.731187 0.099065 0.187047
2 0.711210 0.729241 0.080155 0.156336
2 0.591543 0.721752 0.075869 0.180453
2 0.570149 0.718588 0.064486 0.158344
2 0.551349 0.717918 0.069707 0.172494
2 0.531343 0.716513 0.057197 0.144430
2 0.413996 0.710674 0.067114 0.146233
2 0.393691 0.710463 0.083150 0.175583
2 0.374830 0.708717 0.082178 0.168599
2 0.244084 0.698432 0.083567 0.143216
2 0.225287 0.699033 0.086497 0.144904
2 0.207793 0.698261 0.105276 0.172666
2 0.784842 0.713597 0.086168 0.150282
2 0.766125 0.712918 0.084903 0.151933
2 0.746575 0.711504 0.087357 0.160657
2 0.725166 0.711160 0.088907 0.168703
2 0.590629 0.702581 0.067153 0.158897
2 0.571097 0.701737 0.063024 0.153882
2 0.550483 0.700190 0.056447 0.140103
2 0.436194 0.693645 0.061782 0.138604
2 0.416016 0.690572 0.069529 0.150879
2 0.400056 0.689929 0.066794 0.141370
2 0.379724 0.688922 0.076017 0.155976
2 0.254110 0.680132 0.079836 0.137625
2 0.234611 0.681875 0.089241 0.150270
2 0.217488 0.678221 0.081506 0.134256
2 0.758815 0.692684 0.079900 0.143415
2 0.740696 0.693244 0.077149 0.142161
2 0.721744 0.692811 0.082544 0.156398
2 0.589053 0.684282 0.070027 0.165092
2 0.568754 0.683632 0.057675 0.140599
2 0.549910 0.682175 0.062082 0.152567
2 0.421462 0.674257 0.062596 0.136197
2 0.402056 0.673794 0.078858 0.166440
2 0.385492 0.672399 0.064924 0.133564
2 0.260698 0.664240 0.086281 0.149108
2 0.244253 0.662287 0.078028 0.132010
2 0.224562 0.663110 0.084919 0.140298
2 0.770374 0.676226 0.076763 0.134756
2 0.716002 0.674075 0.072892 0.138366
2 0.569892 0.666707 0.055276 0.134046
2 0.551218 0.664429 0.057046 0.139648
2 0.388808 0.654170 0.062584 0.128535
2 0.267860 0.649588 0.080509 0.139651
2 0.250680 0.646245 0.076744 0.130112
2 0.234610 0.645301 0.077218 0.128301
2 0.452210 0.585680 0.053808 0.119105
2 0.406433 0.584051 0.054744 0.112532
2 0.267413 0.576810 0.065017 0.109708
2 0.725070 0.586283 0.064600 0.117110
2 0.708487 0.587147 0.075962 0.141243
2 0.691885 0.584855 0.071673 0.136621
2 0.580925 0.580488 0.050606 0.116596
2 0.565674 0.579840 0.057558 0.135305
2 0.550538 0.578883 0.049184 0.117314
2 0.439202 0.572911 0.052747 0.113736
2 0.423874 0.572038 0.053527 0.112570
2 0.409797 0.571483 0.057581 0.118420
2 0.319761 0.566217 0.060726 0.109342
2 0.304796 0.566110 0.064764 0.114277
2 0.287832 0.565269 0.076056 0.131185
2 0.274493 0.565278 0.066809 0.113263
2 0.721101 0.573707 0.062250 0.112984
2 0.705513 0.573698 0.058652 0.109002
2 0.689379 0.573704 0.062434 0.118978
2 0.581156 0.566672 0.046837 0.107304
2 0.566521 0.568217 0.056447 0.132142
2 0.550000 0.566438 0.044925 0.106996
2 0.441962 0.561378 0.055141 0.118915
2 0.428049 0.560846 0.059237 0.124880
2 0.411423 0.558677 0.057230 0.117427
2 0.398130 0.558172 0.055820 0.112188
2 0.323593 0.555284 0.061389 0.110656
2 0.309479 0.555289 0.071528 0.126487
2 0.294204 0.553013 0.061683 0.106790
2 0.281265 0.552614 0.064508 0.109793
2 0.716370 0.562714 0.061750 0.112410
2 0.701994 0.561094 0.064351 0.119671
2 0.686882 0.561095 0.060486 0.115171
2 0.670032 0.560716 0.056522 0.110553
2 0.578799 0.556478 0.046446 0.106475
2 0.565507 0.555847 0.048398 0.113446
2 0.548236 0.554111 0.046885 0.111119
2 0.459027 0.549899 0.048475 0.107073
2 0.444377 0.549401 0.057830 0.124641
2 0.429926 0.549231 0.053569 0.112773
2 0.415523 0.548037 0.062412 0.128363
2 0.314587 0.542620 0.059546 0.105515
2 0.299296 0.542578 0.071030 0.123311
2 0.286292 0.542561 0.061276 0.104574
2 0.563893 0.544274 0.047380 0.110757
2 0.460427 0.538912 0.047735 0.105245
2 0.446573 0.538753 0.048099 0.103621
2 0.404166 0.537368 0.055387 0.111467
2 0.319542 0.532311 0.058267 0.103538
2 0.709364 0.499972 0.054837 0.098496
2 0.682767 0.500051 0.048877 0.091509
2 0.669932 0.499069 0.048468 0.092600
2 0.655391 0.497865 0.047799 0.093487
2 0.575522 0.494317 0.044082 0.099291
2 0.314229 0.483510 0.052992 0.091740
2 0.706501 0.491599 0.050391 0.090613
2 0.694407 0.491344 0.055298 0.101305
2 0.679481 0.490663 0.050666 0.095010
2 0.667089 0.489794 0.057050 0.109107
2 0.654115 0.489044 0.049323 0.096342
2 0.587012 0.486004 0.040688 0.089380
2 0.575880 0.486755 0.044520 0.099915
2 0.562419 0.485157 0.040744 0.093597
2 0.548921 0.484715 0.047925 0.110463
2 0.456755 0.480668 0.042729 0.091545
2 0.444253 0.481562 0.051070 0.107206
2 0.432174 0.480336 0.049125 0.101071
2 0.355170 0.477388 0.048581 0.088823
2 0.342866 0.476964 0.056717 0.101886
2 0.331049 0.476019 0.050773 0.089683
2 0.317960 0.475843 0.062235 0.107964
2 0.306966 0.475436 0.050706 0.086653
2 0.690385 0.481741 0.048573 0.089212
2 0.677377 0.482115 0.050620 0.094928
2 0.664572 0.482147 0.057786 0.110641
2 0.573556 0.477671 0.040885 0.091841
2 0.561233 0.477334 0.044926 0.102675
2 0.549189 0.476891 0.043527 0.100302
2 0.535499 0.475428 0.037835 0.088227
2 0.471357 0.473181 0.039763 0.087073
2 0.459338 0.473242 0.041024 0.088018
2 0.446308 0.472422 0.047006 0.098657
2 0.433349 0.471316 0.046309 0.095120
2 0.346367 0.468450 0.048750 0.087714
2 0.335033 0.468071 0.058190 0.103031
2 0.323316 0.467264 0.052449 0.091348
2 0.700158 0.474230 0.052606 0.094878
2 0.687717 0.473725 0.047114 0.086626
2 0.675732 0.473740 0.052492 0.098375
2 0.662974 0.473274 0.053387 0.102131
2 0.574531 0.469608 0.039670 0.088663
2 0.561456 0.469411 0.046620 0.106081
2 0.548329 0.468657 0.040408 0.093061
2 0.535244 0.467422 0.036098 0.084025
2 0.460264 0.465401 0.047546 0.101857
2 0.448119 0.464559 0.041901 0.087934
2 0.435709 0.463856 0.046857 0.096330
2 0.423567 0.463672 0.042784 0.086254
2 0.363401 0.460983 0.046198 0.084926
2 0.350812 0.460880 0.055252 0.099745
2 0.339403 0.459616 0.052457 0.093138
2 0.325854 0.459375 0.058371 0.101700
2 0.573404 0.461465 0.037293 0.083265
2 0.450205 0.456852 0.039985 0.083948
2 0.353677 0.452528 0.046857 0.084657
2 0.547110 0.424647 0.035896 0.081553
2 0.535644 0.424947 0.032821 0.075272
2 0.358650 0.417804 0.042690 0.076614
2 0.683269 0.423745 0.044280 0.080384
2 0.671228 0.422834 0.045134 0.083504
2 0.660250 0.422788 0.050138 0.094441
2 0.649832 0.421889 0.043312 0.082980
2 0.638522 0.421431 0.042017 0.082043
2 0.571334 0.419216 0.039859 0.087865
2 0.558791 0.418467 0.033677 0.075882
2 0.548191 0.418969 0.036149 0.081870
2 0.470108 0.415466 0.038430 0.082073
2 0.458967 0.415788 0.043867 0.091941
2 0.447483 0.414498 0.036139 0.074270
2 0.371422 0.412906 0.050055 0.091334
2 0.361376 0.411540 0.041097 0.073861
2 0.349674 0.411663 0.046285 0.081804
2 0.669459 0.417182 0.049306 0.091279
2 0.658694 0.416070 0.039662 0.074700
2 0.647822 0.415629 0.044778 0.085864
2 0.581485 0.413446 0.034918 0.075315
2 0.570607 0.413263 0.039543 0.087081
2 0.558035 0.412735 0.033745 0.075892
2 0.546927 0.412458 0.036805 0.083168
2 0.471221 0.409387 0.035042 0.074799
2 0.460748 0.409085 0.039009 0.081784
2 0.450167 0.408854 0.034921 0.071923
2 0.384602 0.406556 0.039161 0.072680
2 0.373920 0.406820 0.049173 0.089835
2 0.363878 0.406046 0.047021 0.084626
2 0.353783 0.405643 0.046593 0.082632
2 0.666947 0.410356 0.039152 0.072578
2 0.656079 0.409733 0.038106 0.071897
2 0.645632 0.409650 0.040648 0.078045
2 0.580758 0.407610 0.033476 0.072135
2 0.569163 0.407454 0.037950 0.083614
2 0.558296 0.406826 0.039636 0.088562
2 0.548347 0.406104 0.034472 0.077752
2 0.482120 0.404100 0.033916 0.073619
2 0.472568 0.403355 0.035976 0.076782
2 0.461518 0.403946 0.042430 0.088889
2 0.450935 0.403367 0.042765 0.087995
2 0.376899 0.400109 0.045527 0.083316
2 0.367213 0.400453 0.040049 0.072266
2 0.355686 0.400148 0.044933 0.079728
2 0.665455 0.404786 0.038994 0.072300
2 0.558408 0.400905 0.031170 0.069873
2 0.547478 0.400537 0.031111 0.070212
2 0.536614 0.400486 0.032294 0.073323
2 0.359244 0.394405 0.042813 0.076180
2 0.348174 0.393835 0.039874 0.069820
1 0.809731 0.695220 0.013781 0.023091