6 0.487288 0.360007 0.005953 0.015394
10 0.996421 0.615882 0.007158 0.021538
7 0.546195 0.717904 0.020282 0.061138
10 0.823312 0.371374 0.013841 0.012642
13 0.382059 0.426029 0.007435 0.012890
3 0.832303 0.350541 0.013894 0.016507
13 0.361506 0.648373 0.020451 0.018161
13 0.711831 0.325190 0.008138 0.010100
13 0.532410 0.607916 0.009443 0.023902
7 0.738095 0.311949 0.018144 0.016840
4 0.447925 0.947479 0.031703 0.041342
18 0.517789 0.396176 0.007367 0.020068
7 0.274396 0.857466 0.032667 0.083525
7 0.642847 0.423670 0.015381 0.031367
18 0.452680 0.667928 0.024445 0.031391
18 0.902836 0.631922 0.029712 0.028009
13 0.723864 0.381031 0.012163 0.008203
13 0.502322 0.585533 0.008287 0.022463
5 0.725705 0.360394 0.012622 0.021302
6 0.751758 0.481665 0.019275 0.020340
18 0.500152 0.407212 0.007415 0.021516
7 0.984062 0.694172 0.031877 0.060211
10 0.525861 0.690652 0.011778 0.033218
10 0.823058 0.652562 0.024873 0.023163
10 0.858411 0.527598 0.016016 0.020930
6 0.656854 0.414095 0.011040 0.020043
10 0.919734 0.469037 0.019198 0.017101
7 0.391988 0.369007 0.009656 0.023950
9 0.780883 0.313141 0.013277 0.011846
7 0.525021 0.536040 0.014661 0.041276
13 0.617933 0.334924 0.006315 0.009640
7 0.855760 0.469851 0.024400 0.021697
5 0.433396 0.468005 0.019678 0.024635
13 0.723298 0.316872 0.010166 0.006516
12 0.624675 0.366305 0.007788 0.013429
7 0.529710 0.381497 0.019482 0.020657
9 0.857055 0.506989 0.021475 0.028432
6 0.729425 0.482716 0.018317 0.019688
3 0.565949 0.465815 0.017283 0.019631
7 0.755580 0.314690 0.018963 0.017407
10 0.453218 0.641399 0.018024 0.025016
7 0.786589 0.635054 0.038813 0.037614
13 0.995165 0.911295 0.009670 0.028343
10 0.854953 0.878638 0.027692 0.046702
7 0.934023 0.459489 0.025786 0.021608
7 0.980613 0.661328 0.038775 0.056997
18 0.852217 0.826028 0.033187 0.055987
9 0.941424 0.442553 0.019321 0.021768
9 0.546507 0.378048 0.014136 0.015835
7 0.532992 0.318491 0.013421 0.013477
18 0.795014 0.830509 0.029403 0.054434
9 0.772401 0.371859 0.016422 0.015170
5 0.799600 0.916665 0.049178 0.056683
18 0.621520 0.340605 0.008357 0.014620
5 0.774203 0.478906 0.023935 0.024697
7 0.727446 0.352864 0.013277 0.018570
12 0.653816 0.381613 0.013300 0.011228
7 0.643277 0.449521 0.016259 0.033794
5 0.571241 0.486247 0.020789 0.025151
6 0.706543 0.378554 0.014091 0.014796
10 0.511372 0.352003 0.005736 0.012764
9 0.808011 0.327982 0.012107 0.014906
13 0.529701 0.584292 0.009083 0.022671
6 0.371887 0.423434 0.008820 0.019323
9 0.862190 0.477602 0.023112 0.020980
10 0.532284 0.761259 0.012740 0.037094
3 0.357805 0.545721 0.013702 0.029408
7 0.457315 0.383425 0.019322 0.021079
4 0.386549 0.488078 0.018100 0.018265
13 0.740652 0.319418 0.011011 0.007318
13 0.587603 0.468318 0.014738 0.011697
13 0.599089 0.379705 0.011381 0.008377
10 0.493474 0.938349 0.039081 0.057256