1 0.865234 0.653397 0.019531 0.031410
5 0.668164 0.602264 0.031641 0.037253
5 0.283594 0.404675 0.006250 0.024836
12 0.596484 0.377283 0.007031 0.012418
9 0.643164 0.323959 0.014453 0.013879
7 0.667383 0.825420 0.024609 0.058437
10 0.619922 0.825785 0.016406 0.044558
1 0.589648 0.316289 0.006641 0.011687
7 0.281836 0.864134 0.036328 0.074507
10 0.604102 0.630752 0.012891 0.029949
12 0.281641 0.387509 0.006250 0.012418
4 0.794141 0.689554 0.318750 0.594595
10 0.960352 0.967860 0.041797 0.042367
18 0.592578 0.342951 0.007031 0.015340