10 0.915086 0.310391 0.022917 0.014544
10 0.897509 0.268328 0.017375 0.016972
4 0.406563 0.215919 0.013721 0.025006
4 0.670987 0.202874 0.023116 0.021427
0 0.568203 0.405527 0.015478 0.039703
15 0.802946 0.413986 0.025043 0.039626
7 0.832100 0.149994 0.015540 0.013645
10 0.992651 0.375673 0.014699 0.024544
4 0.603820 0.571973 0.027861 0.085926
7 0.648462 0.205452 0.014455 0.013495
4 0.549840 0.376231 0.018054 0.054236
3 0.559212 0.270298 0.009973 0.025552
7 0.763463 0.212093 0.016483 0.015818
4 0.869907 0.147783 0.025623 0.020319
4 0.856200 0.441528 0.033892 0.048459
4 0.562791 0.171741 0.010187 0.021971
1 0.652003 0.214880 0.017915 0.016272
0 0.929120 0.156645 0.016432 0.017003
2 0.732839 0.244466 0.017826 0.032899
4 0.566769 0.377181 0.018021 0.051192
3 0.401794 0.968245 0.054497 0.063510
9 0.993074 0.772656 0.013853 0.069623
2 0.532310 0.902258 0.029163 0.129822
4 0.185248 0.958573 0.076405 0.082855
15 0.299810 0.451987 0.024272 0.047807
10 0.797210 0.445330 0.020369 0.030552
7 0.627545 0.209080 0.014692 0.016173
6 0.984951 0.988826 0.030097 0.022348
10 0.541949 0.152872 0.005514 0.009763
7 0.356802 0.352675 0.016906 0.030372
2 0.419966 0.477252 0.037890 0.046564
9 0.995407 0.311110 0.009187 0.018457
6 0.579244 0.337783 0.013953 0.033294
4 0.798487 0.301971 0.031245 0.028475
1 0.719622 0.224035 0.014188 0.022186
0 0.714583 0.309449 0.026502 0.025358
4 0.542564 0.161976 0.008720 0.025107
10 0.586187 0.686974 0.017768 0.052690
2 0.783251 0.203437 0.024794 0.024383
15 0.388396 0.264944 0.013742 0.029101
3 0.984219 0.541143 0.031562 0.038568
10 0.449877 0.207736 0.013653 0.010478
7 0.465356 0.144840 0.011045 0.010803
2 0.603149 0.194811 0.020823 0.024119
3 0.688287 0.317294 0.022809 0.025392
0 0.545957 0.270214 0.010577 0.025735
4 0.600526 0.320517 0.033672 0.035539
7 0.532171 0.746677 0.017354 0.060876
2 0.515945 0.208663 0.018697 0.023299
4 0.707405 0.245967 0.017771 0.028932
7 0.335165 0.498644 0.029349 0.029720
10 0.883666 0.149640 0.014431 0.008551
2 0.685630 0.157375 0.011831 0.022922
4 0.395216 0.215910 0.013637 0.024236
3 0.420112 0.154966 0.008284 0.016319
4 0.822322 0.409287 0.037239 0.059117
7 0.553876 0.190438 0.008285 0.018248
4 0.568667 0.230465 0.012216 0.027148
6 0.322347 0.397530 0.021461 0.038262
6 0.828242 0.206711 0.022559 0.019762
4 0.949402 0.212033 0.033499 0.025606
4 0.548380 0.333491 0.016355 0.047885
2 0.572637 0.266906 0.012817 0.036653
1 0.907305 0.151592 0.018000 0.012930
1 0.475947 0.963904 0.066052 0.072193